Pair	CTCF_E	Dnase_E	H3K27ac_E	H3K27me3_E	H3K36me3_E	H3K4me1_E	H3K4me3_E	H3K9me3_E	RAD21_E	TBP_E	CTCF_P	Dnase_P	H3K27ac_P	H3K27me3_P	H3K36me3_P	H3K4me1_P	H3K4me3_P	H3K9me3_RAD21_P	TBP_P	CTCF_W	Dnase_W	H3K27ac_W	H3K27me3_W	H3K36me3_W	H3K4me1_W	H3K4me3_W	H3K9me3_RAD21_W	TBP_W	Distance	Count
chr10_100010000_100015000-chr10_100280000_100285000	1	3	3	2	8	2	2	2	4	0	0	1	2	3	1	2	2	2	2	0	0.689245	12	9	11	12	13	9	7	5.33075	0.160943	265000	0.693147
chr10_100010000_100015000-chr10_100285000_100290000	1	3	3	2	8	2	2	2	4	0	0	2	2	5	2	2	1	3	4	0	0.676667	12	9	11	12	13	9	7	5.26926	0.158148	270000	0.693147
chr10_100010000_100015000-chr10_100290000_100295000	1	3	3	2	8	2	2	2	4	0	0	2	1	5	2	2	1	2	2	0	0.664545	12	9	11	12	13	9	7	5.24636	0.155455	275000	0.693147
chr10_100010000_100015000-chr10_100295000_100300000	1	3	3	2	8	2	2	2	4	0	0	2	1	4	1	2	1	3	3	0	0.652857	12	9	11	12	12	9	7	5.18857	0.152857	280000	0.693147
chr10_100010000_100015000-chr10_100300000_100305000	1	3	3	2	8	2	2	2	4	0	0	1	1	1	1	1	1	2	2	0	0.641579	12	9	11	12	12	8	7	5.15035	0.150351	285000	0.693147
chr10_100010000_100015000-chr10_100305000_100310000	1	3	3	2	8	2	2	2	4	0	0	1	1	2	1	1	1	1	0	0	0.63069	12	9	11	12	12	8	7	5.09621	0.147931	290000	0.693147
chr10_100010000_100015000-chr10_100310000_100315000	1	3	3	2	8	2	2	2	4	0	0	2	1	5	2	1	1	1	2	0	0.620169	11	9	11	12	12	8	7	5.01	0.145593	295000	0.693147
chr10_100010000_100015000-chr10_100320000_100325000	1	3	3	2	8	2	2	2	4	0	0	2	1	4	1	1	1	1	0	1	0.600164	11	9	11	12	12	8	7	4.97721	0.157541	305000	0.693147
chr10_100010000_100015000-chr10_100325000_100330000	1	3	3	2	8	2	2	2	4	0	0	2	2	6	2	1	2	3	3	1	0.590645	11	8	11	12	12	8	7	4.8971	0.17129	310000	0.693147
chr10_100010000_100015000-chr10_100330000_100335000	1	3	3	2	8	2	2	2	4	0	0	1	1	5	1	2	2	1	3	0	0.581429	11	8	11	12	12	8	7	4.86714	0.184603	315000	0.693147
chr10_100010000_100015000-chr10_100335000_100340000	1	3	3	2	8	2	2	2	4	0	1	2	1	6	1	1	2	1	0	1	0.5725	11	8	11	11	12	8	7	4.83812	0.181875	320000	0.693147
